0:(220,92),(146,202),(254,112),(87,83),(24,153),(51,230),(82,170),(93,77),(56,9),(141,38),(250,121),(178,15),(157,140),(80,142),(125,82),(13,43),(115,248),(17,151),(79,126),(126,184),(171,101),
1:(220,91),(146,201),(254,111),(87,84),(25,153),(51,229),(83,170),(93,78),(57,9),(142,38),(250,122),(177,15),(157,139),(80,141),(126,82),(14,43),(115,247),(18,151),(79,127),(126,185),(171,100),
2:(220,90),(146,200),(253,111),(88,84),(26,153),(51,228),(84,170),(93,79),(58,9),(143,38),(249,122),(176,15),(157,138),(80,140),(127,82),(15,43),(115,246),(19,151),(79,128),(126,186),(171,99),
3:(219,90),(145,200),(252,111),(88,85),(27,153),(51,227),(85,170),(94,79),(59,9),(144,38),(248,122),(175,15),(158,138),(80,139),(128,82),(16,43),(114,246),(20,151),(79,129),(126,187),(171,98),
4:(219,89),(145,199),(251,111),(88,86),(28,153),(51,226),(86,170),(94,80),(60,9),(145,38),(247,122),(175,16),(159,138),(80,138),(129,82),(16,44),(114,245),(21,151),(79,130),(125,187),(171,97),
5:(219,88),(145,198),(251,112),(88,87),(29,153),(51,225),(87,170),(94,81),(61,9),(146,38),(246,122),(174,16),(160,138),(80,137),(130,82),(16,45),(114,244),(22,151),(79,131),(124,187),(171,96),
6:(218,88),(144,198),(250,112),(88,88),(30,153),(51,224),(88,170),(95,81),(62,9),(147,38),(245,122),(173,16),(160,138),(80,136),(131,82),(16,46),(113,244),(23,151),(79,132),(123,187),(171,95),
7:(218,87),(143,198),(249,112),(88,89),(31,153),(51,223),(89,170),(96,81),(63,9),(148,38),(244,122),(172,16),(160,138),(80,135),(132,82),(16,47),(112,244),(24,151),(79,133),(123,188),(171,94),
8:(217,87),(143,197),(248,112),(89,89),(32,153),(51,222),(90,170),(96,82),(64,9),(149,38),(243,122),(172,17),(160,138),(80,134),(133,82),(16,48),(112,243),(25,151),(79,134),(122,188),(171,93),
9:(217,86),(143,196),(247,112),(89,90),(32,154),(51,221),(91,170),(96,83),(65,9),(150,38),(242,122),(171,17),(160,138),(80,133),(134,82),(17,48),(112,242),(26,151),(79,135),(121,188),(171,92),
10:(217,85),(142,196),(246,112),(90,90),(33,154),(51,220),(92,170),(97,83),(66,9),(150,37),(241,122),(170,17),(160,138),(80,132),(134,83),(17,49),(111,242),(27,151),(79,136),(121,189),(171,91),
11:(217,84),(141,196),(245,112),(91,90),(34,154),(51,219),(93,170),(97,84),(66,10),(151,37),(240,122),(169,17),(160,138),(80,131),(134,84),(17,50),(110,242),(27,152),(79,137),(120,189),(171,90),
12:(216,84),(141,195),(245,113),(91,91),(35,154),(51,218),(94,170),(97,85),(66,11),(152,37),(239,122),(168,17),(160,138),(80,130),(134,85),(17,51),(110,241),(27,153),(79,138),(119,189),(171,89),
13:(215,84),(141,194),(244,113),(91,92),(36,154),(51,217),(95,170),(98,85),(66,12),(153,37),(238,122),(167,17),(160,138),(80,129),(134,86),(17,52),(109,241),(27,154),(79,139),(118,189),(172,89),
14:(215,83),(141,193),(243,113),(91,93),(37,154),(51,216),(96,170),(98,86),(66,13),(154,37),(237,122),(166,17),(160,138),(80,128),(134,87),(17,53),(109,240),(28,154),(79,140),(117,189),(172,89),
15:(214,83),(140,193),(242,113),(91,94),(38,154),(51,215),(97,170),(98,87),(67,13),(155,37),(236,122),(165,17),(160,138),(80,127),(134,88),(18,53),(109,239),(29,154),(79,141),(116,189),(172,89),
16:(214,82),(140,192),(242,114),(91,95),(38,155),(51,214),(98,170),(98,88),(67,14),(155,36),(235,122),(164,17),(160,138),(80,126),(134,89),(18,54),(108,239),(30,154),(79,142),(115,189),(172,89),
17:(214,81),(140,191),(242,115),(91,96),(38,156),(51,213),(99,170),(98,89),(68,14),(156,36),(234,122),(163,17),(160,138),(80,125),(134,90),(18,55),(108,238),(31,154),(79,143),(114,189),(172,89),
18:(213,81),(139,191),(242,116),(91,97),(38,157),(51,212),(100,170),(98,90),(69,14),(157,36),(233,122),(162,17),(160,138),(80,124),(134,91),(18,56),(108,237),(32,154),(79,144),(113,189),(172,89),
19:(212,81),(138,191),(241,116),(91,98),(39,157),(51,211),(101,170),(97,90),(70,14),(158,36),(232,122),(161,17),(160,138),(80,123),(134,92),(18,57),(108,236),(33,154),(79,145),(112,189),(172,89),
20:(211,81),(137,191),(240,116),(91,99),(40,157),(51,210),(102,170),(96,90),(71,14),(159,36),(231,122),(160,17),(160,138),(80,122),(134,93),(19,57),(108,235),(34,154),(80,145),(111,189),(172,89),
21:(210,81),(136,191),(239,116),(91,100),(41,157),(51,209),(103,170),(95,90),(72,14),(160,36),(230,122),(159,17),(160,138),(80,121),(134,94),(19,58),(108,234),(35,154),(80,146),(110,189),(172,89),
22:(210,80),(135,191),(238,116),(91,101),(41,158),(51,208),(104,170),(94,90),(73,14),(161,36),(229,122),(158,17),(160,138),(80,120),(134,95),(19,59),(108,233),(36,154),(80,147),(109,189),(172,89),
23:(209,80),(134,191),(238,117),(91,102),(41,159),(51,207),(105,170),(93,90),(73,15),(162,36),(228,122),(157,17),(160,138),(80,119),(134,96),(19,60),(108,232),(37,154),(81,147),(108,189),(172,89),
24:(208,80),(133,191),(238,118),(91,103),(41,160),(51,206),(106,170),(92,90),(73,16),(163,36),(227,122),(156,17),(160,138),(80,118),(134,97),(19,61),(108,231),(38,154),(81,148),(107,189),(172,89),
25:(207,80),(132,191),(237,118),(91,104),(41,161),(51,205),(107,170),(92,91),(73,17),(164,36),(226,122),(156,18),(160,138),(80,117),(135,97),(19,62),(108,230),(38,155),(81,149),(106,189),(172,89),
26:(206,80),(132,191),(237,119),(91,105),(41,162),(51,204),(108,170),(92,92),(74,17),(165,36),(225,122),(156,19),(160,138),(80,116),(135,98),(20,62),(108,229),(39,155),(82,149),(105,189),(172,89),
27:(205,80),(132,191),(237,120),(91,106),(41,163),(51,203),(109,170),(91,92),(75,17),(166,36),(224,122),(156,20),(160,138),(80,115),(135,99),(20,63),(108,228),(40,155),(82,150),(104,189),(172,89),
28:(204,80),(132,191),(237,121),(91,107),(42,163),(51,202),(110,170),(90,92),(76,17),(167,36),(223,122),(155,20),(160,138),(80,114),(135,100),(20,64),(108,227),(41,155),(82,151),(103,189),(172,89),
29:(203,80),(132,191),(237,122),(91,108),(43,163),(51,201),(110,171),(89,92),(77,17),(168,36),(222,122),(154,20),(160,138),(80,113),(136,100),(20,65),(108,226),(41,156),(82,152),(102,189),(172,89),
30:(202,80),(132,191),(237,123),(91,109),(43,164),(51,200),(110,172),(88,92),(78,17),(169,36),(222,121),(153,20),(160,138),(80,112),(136,101),(21,65),(108,225),(41,157),(82,153),(101,189),(172,89),
31:(201,80),(132,191),(236,123),(92,109),(43,165),(51,199),(111,172),(87,92),(79,17),(170,36),(221,121),(152,20),(160,138),(80,111),(136,102),(22,65),(107,225),(41,158),(82,154),(100,189),(172,89),
32:(200,80),(132,191),(235,123),(93,109),(43,166),(51,198),(111,173),(86,92),(80,17),(171,36),(221,120),(152,21),(160,138),(80,110),(136,103),(22,66),(107,224),(41,159),(82,155),(99,189),(172,89),
33:(199,80),(132,191),(234,123),(94,109),(43,167),(51,197),(111,174),(85,92),(80,18),(172,36),(221,119),(151,21),(160,138),(80,109),(136,104),(22,67),(107,223),(41,160),(82,156),(98,189),(172,89),
34:(198,80),(132,191),(233,123),(94,110),(43,168),(51,196),(111,175),(85,93),(80,19),(173,36),(220,119),(150,21),(160,138),(80,108),(137,104),(23,67),(107,222),(41,161),(82,157),(97,189),(172,89),
35:(198,79),(132,191),(232,123),(94,111),(43,169),(51,195),(112,175),(85,94),(80,20),(173,37),(220,118),(150,22),(160,138),(80,107),(137,105),(23,68),(107,221),(42,161),(82,158),(96,189),(172,89),
36:(198,78),(132,191),(231,123),(95,111),(43,170),(51,194),(112,176),(85,95),(80,21),(174,37),(219,118),(149,22),(160,138),(80,106),(138,105),(23,69),(107,220),(42,162),(82,159),(95,189),(172,89),
37:(197,78),(132,191),(231,124),(95,112),(43,171),(51,193),(112,177),(84,95),(80,22),(175,37),(218,118),(149,23),(160,138),(80,105),(138,106),(24,69),(107,219),(43,162),(82,160),(94,189),(172,89),
38:(197,77),(132,191),(230,124),(96,112),(43,172),(51,192),(113,177),(84,96),(80,23),(176,37),(217,118),(148,23),(160,138),(80,104),(139,106),(25,69),(107,218),(44,162),(82,161),(94,190),(172,89),
39:(197,76),(132,191),(230,125),(97,112),(43,173),(51,191),(113,178),(84,97),(80,24),(177,37),(216,118),(147,23),(160,138),(80,103),(139,107),(26,69),(107,217),(44,163),(82,162),(93,190),(172,89),
40:(197,75),(132,191),(230,126),(98,112),(43,174),(51,190),(113,179),(83,97),(80,25),(178,37),(215,118),(146,23),(160,138),(80,102),(139,108),(27,69),(107,216),(44,164),(82,163),(92,190),(172,89),
41:(197,74),(132,191),(230,127),(98,113),(44,174),(51,189),(113,180),(82,97),(80,26),(179,37),(215,119),(146,24),(160,138),(80,101),(139,109),(28,69),(107,215),(45,164),(82,164),(91,190),(172,89),
42:(197,73),(132,191),(230,128),(99,113),(45,174),(51,188),(113,181),(81,97),(80,27),(180,37),(214,119),(145,24),(160,138),(80,100),(139,110),(28,68),(107,214),(46,164),(82,165),(90,190),(172,89),
43:(197,72),(132,191),(230,129),(99,114),(46,174),(51,187),(114,181),(81,98),(80,28),(181,37),(213,119),(144,24),(160,138),(80,99),(139,111),(29,68),(107,213),(47,164),(82,166),(89,190),(172,89),
44:(196,72),(132,191),(230,130),(99,115),(47,174),(51,186),(114,182),(81,99),(80,29),(182,37),(212,119),(144,25),(160,138),(80,98),(139,112),(30,68),(106,213),(47,165),(82,167),(88,190),(172,89),
45:(195,72),(132,191),(230,131),(99,116),(48,174),(51,185),(114,183),(81,100),(80,30),(183,37),(212,120),(144,26),(160,138),(80,97),(139,113),(31,68),(106,212),(47,166),(82,168),(87,190),(172,89),
46:(194,72),(132,191),(229,131),(99,117),(48,175),(51,184),(114,184),(81,101),(81,30),(184,37),(211,120),(143,26),(160,138),(80,96),(139,114),(31,67),(106,211),(48,166),(82,169),(86,190),(172,89),
47:(194,71),(132,191),(229,132),(99,118),(49,175),(51,183),(115,184),(81,102),(81,31),(185,37),(210,120),(143,27),(160,138),(80,95),(139,115),(32,67),(106,210),(49,166),(82,170),(85,190),(172,89),
48:(194,70),(132,191),(229,133),(100,118),(50,175),(51,182),(115,185),(80,102),(81,32),(186,37),(209,120),(142,27),(160,138),(80,94),(139,116),(33,67),(106,209),(50,166),(82,171),(85,191),(172,89),
49:(194,69),(132,191),(229,134),(100,119),(51,175),(51,181),(115,186),(79,102),(81,33),(187,37),(208,120),(142,28),(160,138),(80,93),(140,116),(34,67),(106,208),(50,167),(82,172),(84,191),(172,89),
50:(194,68),(132,191),(229,135),(100,120),(52,175),(51,180),(116,186),(78,102),(81,34),(188,37),(207,120),(142,29),(160,138),(80,92),(140,117),(35,67),(106,207),(51,167),(82,173),(84,192),(172,89),
51:(194,67),(132,191),(229,136),(100,121),(52,176),(51,179),(117,186),(77,102),(82,34),(189,37),(206,120),(141,29),(160,138),(80,91),(141,117),(36,67),(106,206),(51,167),(83,173),(84,193),(172,89),
52:(194,66),(132,191),(229,137),(100,122),(52,177),(51,178),(118,186),(77,103),(82,35),(190,37),(205,120),(141,30),(160,138),(80,90),(141,118),(37,67),(106,205),(51,167),(84,173),(84,194),(172,89),
53:(194,65),(132,191),(228,137),(100,123),(53,177),(51,177),(119,186),(77,104),(83,35),(191,37),(204,120),(141,31),(160,138),(80,89),(141,119),(38,67),(106,204),(51,167),(85,173),(84,195),(172,89),
54:(194,65),(132,191),(228,138),(101,123),(54,177),(51,176),(120,186),(77,105),(83,36),(192,37),(204,121),(141,32),(160,138),(80,88),(141,120),(39,67),(106,203),(51,167),(85,174),(84,196),(172,89),
55:(194,65),(132,191),(227,138),(101,124),(55,177),(51,175),(121,186),(77,106),(84,36),(193,37),(203,121),(141,33),(160,138),(80,87),(141,121),(40,67),(106,202),(51,167),(86,174),(83,196),(172,89),
56:(194,65),(132,191),(227,139),(101,125),(56,177),(51,174),(122,186),(77,107),(84,37),(194,37),(202,121),(141,34),(160,138),(80,86),(141,122),(41,67),(106,201),(51,167),(87,174),(82,196),(172,89),
57:(194,65),(132,191),(226,139),(101,126),(57,177),(51,173),(123,186),(77,108),(84,38),(195,37),(201,121),(141,35),(160,138),(80,85),(141,123),(42,67),(106,200),(51,167),(87,175),(81,196),(172,89),
58:(194,65),(132,191),(226,140),(101,127),(57,178),(51,172),(124,186),(77,109),(85,38),(196,37),(200,121),(141,36),(160,138),(80,84),(141,124),(42,66),(106,199),(51,167),(88,175),(81,197),(172,89),
59:(194,65),(132,191),(226,141),(101,128),(58,178),(51,171),(125,186),(77,110),(85,39),(197,37),(200,122),(141,37),(160,138),(79,84),(141,125),(43,66),(105,199),(51,167),(88,176),(81,198),(172,89),
60:(194,65),(132,191),(226,142),(102,128),(58,179),(51,170),(126,186),(77,111),(85,40),(198,37),(199,122),(141,38),(160,138),(79,83),(141,126),(43,65),(105,198),(51,167),(89,176),(81,199),(172,89),
61:(194,65),(132,191),(225,142),(102,129),(58,180),(51,169),(127,186),(77,112),(86,40),(199,37),(198,122),(141,39),(160,138),(79,82),(141,127),(44,65),(105,197),(51,167),(90,176),(80,199),(172,89),
62:(194,65),(132,191),(224,142),(102,130),(58,181),(51,168),(128,186),(77,113),(87,40),(200,37),(197,122),(141,40),(160,138),(79,81),(141,128),(45,65),(105,196),(51,167),(91,176),(80,200),(172,89),
63:(194,65),(132,191),(224,143),(102,131),(58,182),(52,168),(129,186),(77,114),(87,41),(201,37),(196,122),(141,41),(160,138),(78,81),(141,129),(46,65),(105,195),(51,167),(92,176),(80,201),(172,89),
64:(194,65),(132,191),(224,144),(102,132),(58,183),(52,167),(130,186),(77,115),(88,41),(202,37),(195,122),(140,41),(160,138),(78,80),(141,130),(46,64),(105,194),(51,167),(93,176),(80,202),(172,89),
65:(194,65),(132,191),(224,145),(102,133),(58,184),(52,166),(131,186),(77,116),(89,41),(203,37),(194,122),(139,41),(160,138),(78,79),(141,131),(46,63),(105,193),(51,167),(94,176),(80,203),(172,89),
66:(194,65),(132,191),(223,145),(103,133),(58,185),(52,165),(132,186),(77,117),(89,42),(204,37),(193,122),(139,42),(160,138),(78,78),(141,132),(46,62),(105,192),(51,167),(95,176),(80,204),(172,89),
67:(194,65),(132,191),(223,146),(103,134),(58,186),(52,164),(133,186),(77,118),(90,42),(205,37),(192,122),(139,43),(160,138),(78,77),(142,132),(46,61),(105,191),(51,167),(95,177),(80,205),(172,89),
68:(194,65),(132,191),(223,147),(103,135),(58,187),(52,163),(134,186),(77,119),(90,43),(206,37),(191,122),(138,43),(160,138),(77,77),(143,132),(47,61),(105,190),(51,167),(96,177),(80,206),(172,89),
69:(194,65),(132,191),(222,147),(103,136),(58,188),(52,162),(135,186),(77,120),(90,44),(207,37),(190,122),(138,44),(160,138),(77,76),(144,132),(48,61),(104,190),(51,167),(97,177),(79,206),(172,89),
70:(194,65),(132,191),(222,148),(103,137),(58,189),(52,161),(136,186),(77,121),(90,45),(208,37),(189,122),(138,45),(160,138),(77,75),(145,132),(49,61),(104,189),(51,167),(98,177),(79,206),(172,89),
71:(194,65),(132,191),(222,149),(103,138),(58,190),(52,160),(137,186),(77,122),(90,46),(209,37),(188,122),(137,45),(160,138),(77,74),(145,133),(50,61),(104,188),(51,167),(99,177),(79,206),(172,89),
72:(194,65),(132,191),(221,149),(103,139),(58,191),(52,159),(138,186),(77,123),(90,47),(210,37),(187,122),(136,45),(160,138),(77,73),(145,134),(51,61),(104,187),(51,167),(99,178),(79,206),(172,89),
73:(194,65),(132,191),(221,150),(103,140),(58,192),(52,158),(139,186),(77,124),(91,47),(211,37),(186,122),(135,45),(160,138),(77,72),(146,134),(52,61),(104,186),(51,167),(100,178),(79,206),(172,89),
74:(194,65),(132,191),(221,151),(103,141),(58,193),(52,157),(140,186),(77,125),(91,48),(212,37),(185,122),(134,45),(160,138),(76,72),(147,134),(53,61),(104,185),(51,167),(101,178),(79,206),(172,89),
75:(194,65),(132,191),(220,151),(103,142),(58,194),(52,156),(141,186),(77,126),(91,49),(213,37),(184,122),(134,46),(160,138),(76,71),(148,134),(54,61),(104,184),(51,167),(102,178),(79,206),(172,89),
76:(194,65),(132,191),(220,152),(103,143),(58,195),(52,155),(142,186),(77,127),(91,50),(214,37),(183,122),(133,46),(160,138),(76,70),(148,135),(55,61),(104,183),(51,167),(103,178),(79,206),(172,89),
77:(194,65),(132,191),(220,153),(103,144),(58,196),(52,154),(143,186),(77,128),(92,50),(214,38),(182,122),(132,46),(160,138),(76,69),(148,136),(55,60),(104,182),(51,167),(104,178),(79,206),(172,89),
78:(194,65),(132,191),(219,153),(103,145),(58,197),(52,153),(144,186),(77,129),(93,50),(215,38),(181,122),(131,46),(160,138),(76,68),(148,137),(55,59),(104,181),(51,167),(104,179),(79,206),(172,89),
79:(194,65),(132,191),(219,154),(103,146),(58,198),(52,152),(145,186),(77,130),(93,51),(216,38),(180,122),(130,46),(160,138),(76,67),(149,137),(55,58),(104,180),(51,167),(105,179),(79,206),(172,89),
80:(194,65),(132,191),(219,155),(103,147),(58,199),(52,151),(146,186),(77,131),(93,52),(217,38),(179,122),(130,47),(160,138),(76,66),(149,138),(55,57),(104,179),(51,167),(106,179),(79,206),(172,89),
81:(194,65),(132,191),(219,156),(103,148),(58,200),(52,150),(146,185),(77,132),(93,53),(218,38),(178,122),(129,47),(160,138),(77,66),(149,139),(55,56),(104,178),(51,167),(106,180),(79,206),(172,89),
82:(194,65),(132,191),(219,157),(103,149),(58,201),(52,149),(147,185),(77,133),(94,53),(219,38),(177,122),(129,48),(160,138),(78,66),(149,140),(56,56),(104,177),(51,167),(106,181),(79,206),(172,89),
83:(194,65),(132,191),(219,158),(103,150),(58,201),(52,148),(147,184),(77,134),(94,54),(219,39),(176,122),(129,49),(160,138),(78,65),(149,141),(57,56),(103,177),(51,167),(106,182),(79,206),(172,89),
84:(194,65),(132,191),(219,159),(103,151),(58,201),(52,147),(148,184),(77,135),(94,55),(220,39),(175,122),(129,50),(160,138),(78,64),(149,142),(58,56),(103,176),(51,167),(107,182),(79,206),(172,89),
85:(194,65),(132,191),(219,160),(103,152),(58,201),(52,146),(149,184),(77,136),(95,55),(221,39),(174,122),(129,51),(160,138),(78,63),(150,142),(59,56),(103,175),(51,167),(107,183),(79,206),(172,89),
86:(194,65),(132,191),(219,161),(103,153),(58,201),(52,145),(150,184),(77,137),(96,55),(222,39),(173,122),(129,52),(160,138),(78,62),(150,143),(60,56),(103,174),(51,167),(107,184),(79,206),(172,89),
87:(194,65),(132,191),(219,162),(103,154),(58,201),(52,144),(151,184),(77,138),(97,55),(223,39),(172,122),(129,53),(160,138),(78,61),(150,144),(61,56),(102,174),(51,167),(107,185),(79,206),(172,89),
88:(194,65),(132,191),(219,163),(103,155),(58,201),(52,143),(152,184),(77,139),(98,55),(224,39),(172,123),(129,54),(160,138),(78,60),(151,144),(62,56),(101,174),(51,167),(107,186),(79,206),(172,89),
89:(194,65),(132,191),(219,164),(103,156),(58,201),(53,143),(153,184),(77,140),(99,55),(224,40),(172,124),(129,55),(160,138),(78,59),(151,145),(63,56),(100,174),(51,167),(107,187),(79,206),(172,89),
90:(194,65),(132,191),(219,165),(103,157),(58,201),(54,143),(154,184),(77,141),(100,55),(224,41),(172,125),(129,56),(160,138),(78,58),(151,146),(64,56),(99,174),(51,167),(107,188),(79,206),(172,89),
91:(194,65),(132,191),(219,166),(103,158),(58,201),(55,143),(155,184),(77,142),(101,55),(225,41),(171,125),(129,57),(160,138),(79,58),(151,147),(65,56),(98,174),(51,167),(108,188),(79,206),(172,89),
92:(194,65),(132,191),(219,167),(103,159),(58,201),(55,142),(156,184),(77,143),(102,55),(226,41),(170,125),(129,58),(160,138),(79,57),(151,148),(66,56),(97,174),(51,167),(108,189),(79,206),(172,89),
93:(194,65),(132,191),(219,168),(103,160),(58,201),(56,142),(157,184),(77,144),(103,55),(226,42),(169,125),(128,58),(160,138),(79,56),(151,149),(67,56),(96,174),(51,167),(109,189),(79,206),(172,89),
94:(194,65),(132,191),(219,169),(103,161),(58,201),(57,142),(158,184),(77,145),(103,56),(226,43),(168,125),(127,58),(160,138),(80,56),(152,149),(68,56),(95,174),(51,167),(109,190),(79,206),(172,89),
95:(194,65),(132,191),(219,170),(103,162),(58,201),(58,142),(158,183),(77,146),(103,57),(226,44),(167,125),(126,58),(160,138),(80,55),(152,150),(69,56),(95,173),(51,167),(110,190),(79,206),(172,89),
96:(194,65),(132,191),(219,171),(103,163),(58,201),(59,142),(158,182),(76,146),(104,57),(226,45),(166,125),(125,58),(160,138),(80,54),(152,151),(70,56),(94,173),(51,167),(110,191),(79,206),(172,89),
97:(194,65),(132,191),(219,172),(103,164),(58,201),(60,142),(158,181),(76,147),(105,57),(226,46),(165,125),(124,58),(160,138),(80,53),(152,152),(71,56),(94,172),(51,167),(111,191),(79,206),(172,89),
98:(194,65),(132,191),(219,173),(104,164),(58,201),(61,142),(158,180),(75,147),(106,57),(226,47),(164,125),(123,58),(160,138),(81,53),(152,153),(72,56),(93,172),(51,167),(111,192),(79,206),(172,89),
99:(194,65),(132,191),(219,174),(104,165),(58,201),(62,142),(158,179),(75,148),(107,57),(227,47),(163,125),(122,58),(160,138),(81,52),(153,153),(73,56),(93,171),(51,167),(112,192),(79,206),(172,89),
100:(194,65),(132,191),(219,175),(105,165),(58,201),(62,141),(159,179),(75,149),(108,57),(227,48),(162,125),(121,58),(160,138),(81,51),(153,154),(74,56),(93,170),(51,167),(113,192),(79,206),(172,89),
101:(194,65),(132,191),(219,176),(105,166),(58,201),(63,141),(160,179),(75,150),(109,57),(227,49),(161,125),(120,58),(160,138),(81,50),(153,155),(75,56),(93,169),(51,167),(113,193),(79,206),(172,89),
102:(194,65),(132,191),(218,176),(105,167),(58,201),(63,140),(161,179),(75,151),(110,57),(227,50),(160,125),(119,58),(160,138),(81,49),(153,156),(76,56),(93,168),(51,167),(114,193),(79,206),(172,89),
103:(194,65),(132,191),(218,177),(105,168),(58,201),(63,139),(162,179),(75,152),(111,57),(227,51),(159,125),(118,58),(160,138),(81,48),(153,157),(77,56),(93,167),(51,167),(115,193),(79,206),(172,89),
104:(194,65),(132,191),(217,177),(105,169),(58,201),(63,138),(163,179),(75,153),(112,57),(227,52),(158,125),(117,58),(160,138),(82,48),(153,158),(78,56),(92,167),(51,167),(116,193),(79,206),(172,89),
105:(194,65),(132,191),(216,177),(105,170),(58,201),(63,137),(164,179),(75,154),(113,57),(227,53),(157,125),(117,59),(160,138),(82,47),(153,159),(79,56),(92,166),(51,167),(117,193),(79,206),(172,89),
106:(194,65),(132,191),(215,177),(105,171),(58,201),(63,136),(165,179),(75,155),(114,57),(227,54),(156,125),(117,60),(160,138),(82,46),(153,160),(80,56),(92,165),(51,167),(118,193),(79,206),(172,89),
107:(194,65),(132,191),(214,177),(105,172),(58,201),(63,135),(166,179),(75,156),(115,57),(227,55),(155,125),(116,60),(160,138),(82,45),(153,161),(81,56),(91,165),(51,167),(119,193),(79,206),(172,89),
108:(194,65),(132,191),(214,178),(105,173),(58,201),(63,134),(167,179),(75,157),(116,57),(227,56),(154,125),(115,60),(160,138),(82,44),(153,162),(81,55),(91,164),(51,167),(120,193),(79,206),(172,89),
109:(194,65),(132,191),(214,179),(105,174),(58,201),(63,133),(168,179),(75,158),(117,57),(226,56),(153,125),(114,60),(160,138),(82,43),(153,163),(82,55),(90,164),(51,167),(121,193),(79,206),(172,89),
110:(194,65),(132,191),(214,180),(105,175),(58,201),(63,132),(169,179),(75,159),(118,57),(226,56),(152,125),(113,60),(160,138),(82,42),(153,164),(83,55),(90,163),(51,167),(121,194),(79,206),(172,89),
111:(194,65),(132,191),(214,181),(105,176),(58,201),(63,131),(170,179),(75,160),(119,57),(226,56),(151,125),(112,60),(160,138),(82,41),(154,164),(84,55),(89,163),(51,167),(121,195),(79,206),(172,89),
112:(194,65),(132,191),(215,181),(105,177),(58,201),(63,130),(171,179),(75,161),(120,57),(226,56),(150,125),(111,60),(160,138),(82,40),(154,165),(85,55),(89,162),(51,167),(121,196),(79,206),(172,89),
113:(194,65),(132,191),(215,182),(105,178),(58,201),(63,129),(172,179),(75,162),(121,57),(226,56),(149,125),(110,60),(160,138),(82,39),(154,166),(86,55),(89,161),(51,167),(121,197),(79,206),(172,89),
114:(194,65),(132,191),(215,183),(105,179),(58,201),(63,128),(173,179),(75,163),(122,57),(226,56),(148,125),(109,60),(160,138),(83,39),(154,167),(87,55),(88,161),(51,167),(121,198),(79,206),(172,89),
115:(194,65),(132,191),(215,184),(105,180),(58,201),(63,127),(174,179),(75,164),(123,57),(226,56),(148,125),(108,60),(160,138),(84,39),(154,168),(88,55),(88,160),(51,167),(121,199),(79,206),(172,89),
116:(194,65),(132,191),(215,185),(105,181),(58,201),(63,126),(175,179),(75,165),(124,57),(226,56),(148,125),(107,60),(160,138),(84,38),(155,168),(89,55),(87,160),(51,167),(121,200),(79,206),(172,89),
117:(194,65),(132,191),(216,185),(105,182),(58,201),(63,125),(176,179),(75,166),(125,57),(226,56),(148,125),(106,60),(160,138),(84,37),(155,169),(90,55),(87,159),(51,167),(121,201),(79,206),(172,89),
118:(194,65),(132,191),(216,186),(105,183),(58,201),(63,124),(177,179),(75,167),(125,58),(226,56),(148,125),(106,61),(160,138),(84,36),(155,170),(91,55),(87,158),(51,167),(121,202),(79,206),(172,89),
119:(194,65),(132,191),(216,187),(105,184),(58,201),(63,123),(178,179),(75,168),(126,58),(226,56),(148,125),(105,61),(160,138),(84,36),(155,171),(92,55),(87,157),(51,167),(121,203),(79,206),(172,89),
120:(194,65),(132,191),(216,188),(105,185),(58,201),(63,122),(179,179),(75,169),(127,58),(226,56),(148,125),(104,61),(160,138),(84,36),(155,172),(93,55),(87,156),(51,167),(121,204),(79,206),(172,89),
121:(194,65),(132,191),(216,189),(105,186),(58,201),(63,121),(180,179),(75,170),(128,58),(226,56),(148,125),(103,61),(160,138),(84,36),(156,172),(94,55),(86,156),(51,167),(121,205),(79,206),(172,89),
122:(194,65),(132,191),(216,190),(106,186),(58,201),(63,120),(181,179),(75,171),(129,58),(226,56),(148,125),(103,62),(160,138),(84,36),(157,172),(95,55),(86,155),(51,167),(122,205),(79,206),(172,89),
123:(194,65),(132,191),(216,191),(106,187),(58,201),(63,119),(182,179),(75,172),(130,58),(226,56),(148,125),(102,62),(160,138),(84,36),(157,173),(96,55),(86,154),(51,167),(122,205),(79,206),(172,89),
124:(194,65),(132,191),(216,192),(106,188),(58,201),(63,118),(183,179),(75,173),(131,58),(226,56),(148,125),(101,62),(160,138),(84,36),(157,174),(97,55),(86,153),(51,167),(122,205),(79,206),(172,89),
125:(194,65),(132,191),(216,193),(106,189),(58,201),(63,117),(184,179),(75,174),(132,58),(226,56),(148,125),(100,62),(160,138),(84,36),(157,175),(98,55),(86,152),(51,167),(122,205),(79,206),(172,89),
126:(194,65),(132,191),(216,194),(106,190),(58,201),(63,116),(185,179),(75,175),(132,59),(226,56),(148,125),(99,62),(160,138),(84,36),(158,175),(99,55),(86,151),(51,167),(122,205),(79,206),(172,89),
127:(194,65),(132,191),(216,195),(106,191),(58,201),(63,115),(186,179),(75,176),(133,59),(226,56),(148,125),(98,62),(160,138),(84,36),(158,176),(99,54),(86,150),(51,167),(122,205),(79,206),(172,89),
128:(194,65),(132,191),(216,196),(106,192),(58,201),(63,114),(187,179),(75,177),(133,60),(226,56),(148,125),(98,63),(160,138),(84,36),(158,177),(100,54),(86,149),(51,167),(122,205),(79,206),(172,89),
129:(194,65),(132,191),(216,197),(106,193),(58,201),(63,113),(188,179),(75,178),(133,61),(226,56),(148,125),(97,63),(160,138),(84,36),(159,177),(101,54),(86,148),(51,167),(122,205),(79,206),(172,89),
130:(194,65),(132,191),(216,198),(106,194),(58,201),(63,112),(189,179),(75,179),(133,62),(226,56),(148,125),(96,63),(160,138),(84,36),(160,177),(102,54),(86,147),(51,167),(122,205),(79,206),(172,89),
131:(194,65),(132,191),(216,199),(106,195),(58,201),(63,111),(189,178),(75,180),(133,63),(226,56),(148,125),(95,63),(160,138),(84,36),(161,177),(102,53),(86,146),(51,167),(122,205),(79,206),(172,89),
132:(194,65),(132,191),(216,200),(107,195),(58,201),(62,111),(190,178),(74,180),(133,64),(226,56),(148,125),(94,63),(160,138),(84,36),(162,177),(102,52),(86,145),(51,167),(122,205),(79,206),(172,89),
133:(194,65),(132,191),(216,201),(107,196),(58,201),(62,110),(191,178),(74,181),(133,65),(226,56),(148,125),(93,63),(160,138),(84,36),(163,177),(103,52),(85,145),(51,167),(122,205),(79,206),(172,89),
134:(194,65),(132,191),(216,202),(107,197),(58,201),(62,109),(192,178),(74,182),(134,65),(226,56),(148,125),(92,63),(160,138),(84,36),(164,177),(104,52),(85,144),(51,167),(122,205),(79,206),(172,89),
135:(194,65),(132,191),(216,203),(107,198),(58,201),(62,108),(193,178),(74,183),(134,66),(226,56),(148,125),(92,64),(160,138),(84,36),(165,177),(105,52),(85,143),(51,167),(122,205),(79,206),(172,89),
136:(194,65),(132,191),(216,204),(107,199),(58,201),(62,107),(194,178),(74,184),(134,67),(226,56),(148,125),(91,64),(160,138),(84,36),(166,177),(106,52),(85,142),(51,167),(122,205),(79,206),(172,89),
137:(194,65),(132,191),(216,205),(107,200),(58,201),(62,106),(195,178),(74,185),(134,68),(226,56),(148,125),(90,64),(160,138),(84,36),(167,177),(107,52),(85,141),(51,167),(122,205),(79,206),(172,89),
138:(194,65),(132,191),(216,206),(107,201),(58,201),(61,106),(195,177),(74,186),(134,69),(226,56),(148,125),(89,64),(160,138),(84,36),(168,177),(108,52),(85,140),(51,167),(122,205),(79,206),(172,89),
139:(194,65),(132,191),(216,207),(107,202),(58,201),(61,105),(196,177),(74,187),(135,69),(226,56),(148,125),(88,64),(160,138),(84,36),(169,177),(109,52),(85,139),(51,167),(122,205),(79,206),(172,89),
140:(194,65),(132,191),(216,208),(107,203),(58,201),(61,104),(196,176),(74,188),(135,70),(226,56),(148,125),(87,64),(160,138),(84,36),(170,177),(110,52),(85,138),(51,167),(122,205),(79,206),(172,89),
141:(194,65),(132,191),(216,209),(107,204),(58,201),(61,103),(197,176),(74,189),(135,71),(226,56),(148,125),(87,65),(160,138),(84,36),(171,177),(111,52),(84,138),(51,167),(122,205),(79,206),(172,89),
142:(194,65),(132,191),(217,209),(107,205),(58,201),(60,103),(197,175),(74,190),(135,72),(226,56),(148,125),(86,65),(160,138),(84,36),(171,178),(112,52),(84,137),(51,167),(122,205),(79,206),(172,89),
143:(194,65),(132,191),(217,210),(107,206),(58,201),(59,103),(198,175),(74,191),(135,73),(226,56),(148,125),(85,65),(160,138),(84,36),(171,179),(113,52),(84,136),(51,167),(122,205),(79,206),(172,89),
144:(194,65),(132,191),(217,211),(107,207),(58,201),(58,103),(199,175),(74,192),(136,73),(226,56),(148,125),(84,65),(160,138),(84,36),(171,180),(113,51),(84,135),(51,167),(122,205),(79,206),(172,89),
145:(194,65),(132,191),(217,212),(107,208),(58,201),(57,103),(200,175),(74,193),(136,74),(226,56),(148,125),(83,65),(160,138),(84,36),(171,180),(114,51),(84,134),(51,167),(122,205),(79,206),(172,89),
146:(194,65),(132,191),(217,213),(107,209),(58,201),(56,103),(201,175),(74,194),(136,75),(226,56),(148,125),(82,65),(160,138),(84,36),(171,180),(115,51),(84,133),(51,167),(122,205),(79,206),(172,89),
147:(194,65),(132,191),(218,213),(107,210),(58,201),(55,103),(202,175),(74,195),(136,76),(226,56),(148,125),(81,65),(160,138),(84,36),(171,180),(116,51),(83,133),(51,167),(122,205),(79,206),(172,89),
148:(194,65),(132,191),(218,214),(107,211),(58,201),(54,103),(203,175),(73,195),(137,76),(226,56),(148,125),(80,65),(160,138),(84,36),(171,180),(117,51),(83,132),(51,167),(122,205),(79,206),(172,89),
149:(194,65),(132,191),(218,215),(107,212),(58,201),(53,103),(204,175),(72,195),(138,76),(226,56),(148,125),(79,65),(160,138),(84,36),(171,180),(117,50),(83,131),(51,167),(122,205),(79,206),(172,89),
150:(194,65),(132,191),(218,216),(107,213),(58,201),(52,103),(205,175),(71,195),(139,76),(226,56),(148,125),(78,65),(160,138),(84,36),(171,180),(118,50),(83,130),(51,167),(122,205),(79,206),(172,89),
151:(194,65),(132,191),(219,216),(107,214),(58,201),(51,103),(206,175),(70,195),(140,76),(226,56),(148,125),(77,65),(160,138),(84,36),(171,180),(119,50),(83,129),(51,167),(122,205),(79,206),(172,89),
152:(194,65),(132,191),(219,217),(107,215),(58,201),(50,103),(207,175),(69,195),(141,76),(226,56),(148,125),(76,65),(160,138),(84,36),(171,180),(120,50),(83,128),(51,167),(122,205),(79,206),(172,89),
153:(194,65),(132,191),(220,217),(107,216),(58,201),(49,103),(208,175),(69,195),(142,76),(226,56),(148,125),(75,65),(160,138),(84,36),(171,180),(120,49),(82,128),(51,167),(122,205),(79,206),(172,89),
154:(194,65),(132,191),(220,218),(107,217),(58,201),(48,103),(209,175),(69,195),(143,76),(226,56),(148,125),(74,65),(160,138),(84,36),(171,180),(120,48),(82,127),(51,167),(122,205),(79,206),(172,89),
155:(194,65),(132,191),(221,218),(107,218),(58,201),(48,102),(210,175),(69,195),(144,76),(226,56),(148,125),(73,65),(160,138),(84,36),(171,180),(120,47),(82,126),(51,167),(122,205),(79,206),(172,89),
156:(194,65),(132,191),(222,218),(107,219),(58,201),(47,102),(211,175),(69,195),(145,76),(226,56),(148,125),(72,65),(160,138),(84,36),(171,180),(120,46),(82,125),(51,167),(122,205),(79,206),(172,89),
157:(194,65),(132,191),(222,219),(107,220),(58,201),(47,101),(212,175),(69,195),(146,76),(226,56),(148,125),(71,65),(160,138),(84,36),(171,180),(120,45),(82,124),(51,167),(122,205),(79,206),(172,89),
158:(194,65),(132,191),(222,219),(107,221),(58,201),(46,101),(212,174),(69,195),(147,76),(226,56),(148,125),(70,65),(160,138),(84,36),(171,180),(120,44),(82,123),(51,167),(122,205),(79,206),(172,89),
159:(194,65),(132,191),(222,219),(107,222),(58,201),(45,101),(212,173),(69,195),(148,76),(226,56),(148,125),(69,65),(160,138),(84,36),(171,180),(121,44),(82,122),(51,167),(122,205),(79,206),(172,89),
160:(194,65),(132,191),(222,219),(107,223),(58,201),(44,101),(213,173),(69,195),(149,76),(226,56),(148,125),(68,65),(160,138),(84,36),(171,180),(122,44),(82,121),(51,167),(122,205),(79,206),(172,89),
161:(194,65),(132,191),(222,219),(107,224),(58,201),(43,101),(214,173),(69,195),(150,76),(226,56),(148,125),(67,65),(160,138),(84,36),(171,180),(123,44),(82,120),(51,167),(122,205),(79,206),(172,89),
162:(194,65),(132,191),(222,219),(107,225),(58,201),(42,101),(215,173),(69,195),(151,76),(226,56),(148,125),(66,65),(160,138),(84,36),(171,180),(123,43),(82,119),(51,167),(122,205),(79,206),(172,89),
163:(194,65),(132,191),(222,219),(107,226),(58,201),(41,101),(216,173),(69,195),(152,76),(226,56),(148,125),(65,65),(160,138),(84,36),(171,180),(124,43),(82,118),(51,167),(122,205),(79,206),(172,89),
164:(194,65),(132,191),(222,219),(107,227),(58,201),(40,101),(217,173),(69,195),(153,76),(226,56),(148,125),(64,65),(160,138),(84,36),(171,180),(125,43),(82,117),(51,167),(122,205),(79,206),(172,89),
165:(194,65),(132,191),(222,219),(107,228),(58,201),(39,101),(218,173),(69,195),(154,76),(226,56),(148,125),(63,65),(160,138),(84,36),(171,180),(125,42),(82,116),(51,167),(122,205),(79,206),(172,89),
166:(194,65),(132,191),(222,219),(107,229),(58,201),(38,101),(219,173),(69,195),(155,76),(226,56),(148,125),(62,65),(160,138),(84,36),(171,180),(126,42),(82,115),(51,167),(122,205),(79,206),(172,89),
167:(194,65),(132,191),(222,219),(107,230),(58,201),(37,101),(220,173),(69,195),(156,76),(226,56),(148,125),(61,65),(160,138),(84,36),(171,180),(126,41),(82,114),(51,167),(122,205),(79,206),(172,89),
168:(194,65),(132,191),(222,219),(107,231),(58,201),(36,101),(221,173),(69,195),(157,76),(226,56),(148,125),(60,65),(160,138),(84,36),(171,180),(126,40),(82,113),(51,167),(122,205),(79,206),(172,89),
169:(194,65),(132,191),(222,219),(107,232),(58,201),(35,101),(222,173),(69,195),(158,76),(226,56),(148,125),(59,65),(160,138),(84,36),(171,180),(127,40),(82,112),(51,167),(122,205),(79,206),(172,89),
170:(194,65),(132,191),(222,219),(107,233),(58,201),(34,101),(223,173),(69,195),(159,76),(226,56),(148,125),(58,65),(160,138),(84,36),(171,180),(127,39),(82,111),(51,167),(122,205),(79,206),(172,89),
171:(194,65),(132,191),(222,219),(107,234),(58,201),(33,101),(224,173),(69,195),(160,76),(226,56),(148,125),(57,65),(160,138),(84,36),(171,180),(127,38),(82,110),(51,167),(122,205),(79,206),(172,89),
172:(194,65),(132,191),(222,219),(107,235),(58,201),(32,101),(225,173),(69,195),(161,76),(226,56),(148,125),(56,65),(160,138),(84,36),(171,180),(128,38),(82,109),(51,167),(122,205),(79,206),(172,89),
173:(194,65),(132,191),(222,219),(107,236),(58,201),(31,101),(226,173),(69,195),(162,76),(226,56),(148,125),(55,65),(160,138),(84,36),(171,180),(129,38),(82,108),(51,167),(122,205),(79,206),(172,89),
174:(194,65),(132,191),(222,219),(107,237),(58,201),(30,101),(227,173),(69,195),(163,76),(226,56),(148,125),(54,65),(160,138),(84,36),(171,180),(130,38),(82,107),(51,167),(122,205),(79,206),(172,89),
175:(194,65),(132,191),(222,219),(107,238),(58,201),(29,101),(228,173),(69,195),(164,76),(226,56),(148,125),(54,66),(160,138),(84,36),(171,180),(131,38),(82,106),(51,167),(122,205),(79,206),(172,89),
176:(194,65),(132,191),(222,219),(107,239),(58,201),(28,101),(229,173),(69,195),(165,76),(226,56),(148,125),(53,66),(160,138),(84,36),(171,180),(132,38),(82,105),(51,167),(122,205),(79,206),(172,89),
177:(194,65),(132,191),(222,219),(107,240),(58,201),(27,101),(230,173),(69,195),(166,76),(226,56),(148,125),(52,66),(160,138),(84,36),(171,180),(133,38),(81,105),(51,167),(122,205),(79,206),(172,89),
178:(194,65),(132,191),(222,219),(107,241),(58,201),(27,100),(231,173),(69,195),(167,76),(226,56),(148,125),(51,66),(160,138),(84,36),(171,180),(134,38),(81,104),(51,167),(122,205),(79,206),(172,89),
179:(194,65),(132,191),(222,219),(107,242),(58,201),(27,99),(232,173),(69,195),(168,76),(226,56),(148,125),(50,66),(160,138),(84,36),(171,180),(135,38),(81,104),(51,167),(122,205),(79,206),(172,89),
180:(194,65),(132,191),(222,219),(107,243),(58,201),(26,99),(233,173),(69,195),(169,76),(226,56),(148,125),(49,66),(160,138),(84,36),(171,180),(135,37),(81,104),(51,167),(122,205),(79,206),(172,89),
181:(194,65),(132,191),(222,219),(107,244),(58,201),(25,99),(234,173),(69,195),(170,76),(226,56),(148,125),(48,66),(160,138),(84,36),(171,180),(136,37),(81,104),(51,167),(122,205),(79,206),(172,89),
182:(194,65),(132,191),(222,219),(107,245),(58,201),(24,99),(235,173),(69,195),(171,76),(226,56),(148,125),(48,67),(160,138),(84,36),(171,180),(137,37),(81,104),(51,167),(122,205),(79,206),(172,89),
183:(194,65),(132,191),(222,219),(107,246),(58,201),(23,99),(236,173),(69,195),(172,76),(226,56),(148,125),(48,68),(160,138),(84,36),(171,180),(138,37),(81,104),(51,167),(122,205),(79,206),(172,89),
184:(194,65),(132,191),(222,219),(107,246),(58,201),(22,99),(237,173),(69,195),(173,76),(226,56),(148,125),(47,68),(160,138),(84,36),(171,180),(139,37),(81,104),(51,167),(122,205),(79,206),(172,89),
185:(194,65),(132,191),(222,219),(107,246),(58,201),(21,99),(238,173),(69,195),(174,76),(226,56),(148,125),(47,69),(160,138),(84,36),(171,180),(140,37),(81,104),(51,167),(122,205),(79,206),(172,89),
186:(194,65),(132,191),(222,219),(107,246),(58,201),(20,99),(239,173),(69,195),(175,76),(226,56),(148,125),(47,70),(160,138),(84,36),(171,180),(141,37),(81,104),(51,167),(122,205),(79,206),(172,89),
187:(194,65),(132,191),(222,219),(107,246),(58,201),(19,99),(240,173),(69,195),(176,76),(226,56),(148,125),(47,71),(160,138),(84,36),(171,180),(142,37),(81,104),(51,167),(122,205),(79,206),(172,89),
188:(194,65),(132,191),(222,219),(107,246),(58,201),(19,98),(241,173),(69,195),(177,76),(226,56),(148,125),(46,71),(160,138),(84,36),(171,180),(143,37),(81,104),(51,167),(122,205),(79,206),(172,89),
189:(194,65),(132,191),(222,219),(107,246),(58,201),(19,97),(242,173),(69,195),(178,76),(226,56),(148,125),(45,71),(160,138),(84,36),(171,180),(144,37),(81,104),(51,167),(122,205),(79,206),(172,89),
190:(194,65),(132,191),(222,219),(107,246),(58,201),(18,97),(243,173),(69,195),(179,76),(226,56),(148,125),(44,71),(160,138),(84,36),(171,180),(145,37),(81,104),(51,167),(122,205),(79,206),(172,89),
191:(194,65),(132,191),(222,219),(107,246),(58,201),(18,96),(243,172),(69,195),(180,76),(226,56),(148,125),(43,71),(160,138),(84,36),(171,180),(146,37),(81,104),(51,167),(122,205),(79,206),(172,89),
192:(194,65),(132,191),(222,219),(107,246),(58,201),(18,95),(244,172),(69,195),(181,76),(226,56),(148,125),(42,71),(160,138),(84,36),(171,180),(147,37),(81,104),(51,167),(122,205),(79,206),(172,89),
193:(194,65),(132,191),(222,219),(107,246),(58,201),(18,94),(245,172),(69,195),(182,76),(226,56),(148,125),(41,71),(160,138),(84,36),(171,180),(148,37),(81,104),(51,167),(122,205),(79,206),(172,89),
194:(194,65),(132,191),(222,219),(107,246),(58,201),(18,93),(245,171),(69,195),(183,76),(226,56),(148,125),(40,71),(160,138),(84,36),(171,180),(149,37),(81,104),(51,167),(122,205),(79,206),(172,89),
195:(194,65),(132,191),(222,219),(107,246),(58,201),(18,92),(246,171),(69,195),(184,76),(226,56),(148,125),(39,71),(160,138),(84,36),(171,180),(150,37),(81,104),(51,167),(122,205),(79,206),(172,89),
196:(194,65),(132,191),(222,219),(107,246),(58,201),(18,91),(246,170),(69,195),(185,76),(226,56),(148,125),(38,71),(160,138),(84,36),(171,180),(151,37),(81,104),(51,167),(122,205),(79,206),(172,89),
197:(194,65),(132,191),(222,219),(107,246),(58,201),(18,90),(247,170),(69,195),(186,76),(226,56),(148,125),(37,71),(160,138),(84,36),(171,180),(152,37),(81,104),(51,167),(122,205),(79,206),(172,89),
198:(194,65),(132,191),(222,219),(107,246),(58,201),(18,89),(248,170),(69,195),(187,76),(226,56),(148,125),(37,71),(160,138),(84,36),(171,180),(153,37),(81,104),(51,167),(122,205),(79,206),(172,89),
199:(194,65),(132,191),(222,219),(107,246),(58,201),(18,88),(249,170),(69,195),(188,76),(226,56),(148,125),(37,71),(160,138),(84,36),(171,180),(153,36),(81,104),(51,167),(122,205),(79,206),(172,89),
200:(194,65),(132,191),(222,219),(107,246),(58,201),(18,87),(250,170),(69,195),(189,76),(226,56),(148,125),(37,71),(160,138),(84,36),(171,180),(154,36),(81,104),(51,167),(122,205),(79,206),(172,89),
201:(194,65),(132,191),(222,219),(107,246),(58,201),(18,86),(251,170),(69,195),(190,76),(226,56),(148,125),(37,71),(160,138),(84,36),(171,180),(154,35),(81,104),(51,167),(122,205),(79,206),(172,89),
202:(194,65),(132,191),(222,219),(107,246),(58,201),(18,85),(252,170),(69,195),(190,77),(226,56),(148,125),(37,71),(160,138),(84,36),(171,180),(154,34),(81,104),(51,167),(122,205),(79,206),(172,89),
203:(194,65),(132,191),(222,219),(107,246),(58,201),(18,84),(253,170),(69,195),(190,78),(226,56),(148,125),(37,71),(160,138),(84,36),(171,180),(155,34),(81,104),(51,167),(122,205),(79,206),(172,89),
204:(194,65),(132,191),(222,219),(107,246),(58,201),(18,83),(253,170),(69,195),(190,79),(226,56),(148,125),(37,71),(160,138),(84,36),(171,180),(155,33),(81,104),(51,167),(122,205),(79,206),(172,89),
205:(194,65),(132,191),(222,219),(107,246),(58,201),(18,82),(253,170),(69,195),(190,80),(226,56),(148,125),(37,71),(160,138),(84,36),(171,180),(156,33),(81,104),(51,167),(122,205),(79,206),(172,89),
206:(194,65),(132,191),(222,219),(107,246),(58,201),(18,81),(253,170),(69,195),(190,81),(226,56),(148,125),(37,71),(160,138),(84,36),(171,180),(157,33),(81,104),(51,167),(122,205),(79,206),(172,89),
207:(194,65),(132,191),(222,219),(107,246),(58,201),(18,80),(253,170),(69,195),(190,82),(226,56),(148,125),(37,71),(160,138),(84,36),(171,180),(158,33),(81,104),(51,167),(122,205),(79,206),(172,89),
208:(194,65),(132,191),(222,219),(107,246),(58,201),(18,79),(253,170),(69,195),(190,83),(226,56),(148,125),(37,71),(160,138),(84,36),(171,180),(159,33),(81,104),(51,167),(122,205),(79,206),(172,89),
209:(194,65),(132,191),(222,219),(107,246),(58,201),(18,78),(253,170),(69,195),(190,84),(226,56),(148,125),(37,71),(160,138),(84,36),(171,180),(160,33),(81,104),(51,167),(122,205),(79,206),(172,89),
210:(194,65),(132,191),(222,219),(107,246),(58,201),(18,77),(253,170),(69,195),(190,85),(226,56),(148,125),(37,71),(160,138),(84,36),(171,180),(161,33),(81,104),(51,167),(122,205),(79,206),(172,89),
211:(194,65),(132,191),(222,219),(107,246),(58,201),(18,76),(253,170),(69,195),(190,86),(226,56),(148,125),(37,71),(160,138),(84,36),(171,180),(162,33),(81,104),(51,167),(122,205),(79,206),(172,89),
212:(194,65),(132,191),(222,219),(107,246),(58,201),(18,75),(253,170),(69,195),(190,87),(226,56),(148,125),(37,71),(160,138),(84,36),(171,180),(163,33),(81,104),(51,167),(122,205),(79,206),(172,89),
213:(194,65),(132,191),(222,219),(107,246),(58,201),(17,75),(253,170),(69,195),(189,87),(226,56),(148,125),(37,71),(160,138),(84,36),(171,180),(164,33),(81,104),(51,167),(122,205),(79,206),(172,89),
214:(194,65),(132,191),(222,219),(107,246),(58,201),(17,74),(253,170),(69,195),(188,87),(226,56),(148,125),(37,71),(160,138),(84,36),(171,180),(165,33),(81,104),(51,167),(122,205),(79,206),(172,89),
215:(194,65),(132,191),(222,219),(107,246),(58,201),(17,73),(253,170),(69,195),(188,88),(226,56),(148,125),(37,71),(160,138),(84,36),(171,180),(166,33),(81,104),(51,167),(122,205),(79,206),(172,89),
216:(194,65),(132,191),(222,219),(107,246),(58,201),(17,72),(253,170),(69,195),(188,89),(226,56),(148,125),(37,71),(160,138),(84,36),(171,180),(167,33),(81,104),(51,167),(122,205),(79,206),(172,89),
217:(194,65),(132,191),(222,219),(107,246),(58,201),(17,71),(253,170),(69,195),(188,90),(226,56),(148,125),(37,71),(160,138),(84,36),(171,180),(168,33),(81,104),(51,167),(122,205),(79,206),(172,89),
218:(194,65),(132,191),(222,219),(107,246),(58,201),(17,70),(253,170),(69,195),(188,91),(226,56),(148,125),(37,71),(160,138),(84,36),(171,180),(169,33),(81,104),(51,167),(122,205),(79,206),(172,89),
219:(194,65),(132,191),(222,219),(107,246),(58,201),(17,69),(253,170),(69,195),(187,91),(226,56),(148,125),(37,71),(160,138),(84,36),(171,180),(170,33),(81,104),(51,167),(122,205),(79,206),(172,89),
220:(194,65),(132,191),(222,219),(107,246),(58,201),(17,68),(253,170),(69,195),(186,91),(226,56),(148,125),(37,71),(160,138),(84,36),(171,180),(171,33),(81,104),(51,167),(122,205),(79,206),(172,89),
221:(194,65),(132,191),(222,219),(107,246),(58,201),(17,67),(253,170),(69,195),(186,92),(226,56),(148,125),(37,71),(160,138),(84,36),(171,180),(172,33),(81,104),(51,167),(122,205),(79,206),(172,89),
222:(194,65),(132,191),(222,219),(107,246),(58,201),(17,66),(253,170),(69,195),(186,93),(226,56),(148,125),(37,71),(160,138),(84,36),(171,180),(173,33),(81,104),(51,167),(122,205),(79,206),(172,89),
223:(194,65),(132,191),(222,219),(107,246),(58,201),(17,65),(253,170),(69,195),(186,94),(226,56),(148,125),(37,71),(160,138),(84,36),(171,180),(174,33),(81,104),(51,167),(122,205),(79,206),(172,89),
224:(194,65),(132,191),(222,219),(107,246),(58,201),(17,64),(253,170),(69,195),(186,95),(226,56),(148,125),(37,71),(160,138),(84,36),(171,180),(175,33),(81,104),(51,167),(122,205),(79,206),(172,89),
225:(194,65),(132,191),(222,219),(107,246),(58,201),(17,63),(253,170),(69,195),(186,96),(226,56),(148,125),(37,71),(160,138),(84,36),(171,180),(176,33),(81,104),(51,167),(122,205),(79,206),(172,89),
226:(194,65),(132,191),(222,219),(107,246),(58,201),(17,62),(253,170),(69,195),(186,97),(226,56),(148,125),(37,71),(160,138),(84,36),(171,180),(177,33),(81,104),(51,167),(122,205),(79,206),(172,89),
227:(194,65),(132,191),(222,219),(107,246),(58,201),(17,61),(253,170),(69,195),(187,97),(226,56),(148,125),(37,71),(160,138),(84,36),(171,180),(178,33),(81,104),(51,167),(122,205),(79,206),(172,89),
228:(194,65),(132,191),(222,219),(107,246),(58,201),(17,60),(253,170),(69,195),(187,98),(226,56),(148,125),(37,71),(160,138),(84,36),(171,180),(179,33),(81,104),(51,167),(122,205),(79,206),(172,89),
229:(194,65),(132,191),(222,219),(107,246),(58,201),(17,59),(253,170),(69,195),(187,99),(226,56),(148,125),(37,71),(160,138),(84,36),(171,180),(180,33),(81,104),(51,167),(122,205),(79,206),(172,89),
230:(194,65),(132,191),(222,219),(107,246),(58,201),(17,58),(253,170),(69,195),(187,100),(226,56),(148,125),(37,71),(160,138),(84,36),(171,180),(181,33),(81,104),(51,167),(122,205),(79,206),(172,89),
231:(194,65),(132,191),(222,219),(107,246),(58,201),(17,57),(253,170),(69,195),(187,101),(226,56),(148,125),(37,71),(160,138),(84,36),(171,180),(181,32),(81,104),(51,167),(122,205),(79,206),(172,89),
232:(194,65),(132,191),(222,219),(107,246),(58,201),(17,56),(253,170),(69,195),(188,101),(226,56),(148,125),(37,71),(160,138),(84,36),(171,180),(181,31),(81,104),(51,167),(122,205),(79,206),(172,89),
233:(194,65),(132,191),(222,219),(107,246),(58,201),(17,55),(253,170),(69,195),(188,102),(226,56),(148,125),(37,71),(160,138),(84,36),(171,180),(182,31),(81,104),(51,167),(122,205),(79,206),(172,89),
234:(194,65),(132,191),(222,219),(107,246),(58,201),(17,54),(253,170),(69,195),(188,103),(226,56),(148,125),(37,71),(160,138),(84,36),(171,180),(183,31),(81,104),(51,167),(122,205),(79,206),(172,89),
235:(194,65),(132,191),(222,219),(107,246),(58,201),(17,53),(253,170),(69,195),(188,104),(226,56),(148,125),(37,71),(160,138),(84,36),(171,180),(184,31),(81,104),(51,167),(122,205),(79,206),(172,89),
236:(194,65),(132,191),(222,219),(107,246),(58,201),(17,52),(253,170),(69,195),(188,105),(226,56),(148,125),(37,71),(160,138),(84,36),(171,180),(185,31),(81,104),(51,167),(122,205),(79,206),(172,89),
237:(194,65),(132,191),(222,219),(107,246),(58,201),(17,51),(253,170),(69,195),(188,106),(226,56),(148,125),(37,71),(160,138),(84,36),(171,180),(186,31),(81,104),(51,167),(122,205),(79,206),(172,89),
238:(194,65),(132,191),(222,219),(107,246),(58,201),(17,50),(253,170),(69,195),(189,106),(226,56),(148,125),(37,71),(160,138),(84,36),(171,180),(187,31),(81,104),(51,167),(122,205),(79,206),(172,89),
239:(194,65),(132,191),(222,219),(107,246),(58,201),(17,49),(253,170),(69,195),(189,107),(226,56),(148,125),(37,71),(160,138),(84,36),(171,180),(188,31),(81,104),(51,167),(122,205),(79,206),(172,89),
240:(194,65),(132,191),(222,219),(107,246),(58,201),(17,48),(253,170),(69,195),(189,108),(226,56),(148,125),(37,71),(160,138),(84,36),(171,180),(189,31),(81,104),(51,167),(122,205),(79,206),(172,89),
241:(194,65),(132,191),(222,219),(107,246),(58,201),(16,48),(253,170),(69,195),(189,109),(226,56),(148,125),(37,71),(160,138),(84,36),(171,180),(190,31),(81,104),(51,167),(122,205),(79,206),(172,89),
242:(194,65),(132,191),(222,219),(107,246),(58,201),(16,47),(253,170),(69,195),(189,110),(226,56),(148,125),(37,71),(160,138),(84,36),(171,180),(191,31),(81,104),(51,167),(122,205),(79,206),(172,89),
243:(194,65),(132,191),(222,219),(107,246),(58,201),(16,46),(253,170),(69,195),(189,111),(226,56),(148,125),(37,71),(160,138),(84,36),(171,180),(192,31),(81,104),(51,167),(122,205),(79,206),(172,89),
244:(194,65),(132,191),(222,219),(107,246),(58,201),(16,45),(253,170),(69,195),(190,111),(226,56),(148,125),(37,71),(160,138),(84,36),(171,180),(193,31),(81,104),(51,167),(122,205),(79,206),(172,89),
245:(194,65),(132,191),(222,219),(107,246),(58,201),(16,44),(253,170),(69,195),(190,112),(226,56),(148,125),(37,71),(160,138),(84,36),(171,180),(194,31),(81,104),(51,167),(122,205),(79,206),(172,89),
246:(194,65),(132,191),(222,219),(107,246),(58,201),(16,43),(253,170),(69,195),(190,113),(226,56),(148,125),(37,71),(160,138),(84,36),(171,180),(195,31),(81,104),(51,167),(122,205),(79,206),(172,89),
247:(194,65),(132,191),(222,219),(107,246),(58,201),(16,42),(253,170),(69,195),(191,113),(226,56),(148,125),(37,71),(160,138),(84,36),(171,180),(196,31),(81,104),(51,167),(122,205),(79,206),(172,89),
248:(194,65),(132,191),(222,219),(107,246),(58,201),(16,41),(253,170),(69,195),(191,114),(226,56),(148,125),(37,71),(160,138),(84,36),(171,180),(197,31),(81,104),(51,167),(122,205),(79,206),(172,89),
249:(194,65),(132,191),(222,219),(107,246),(58,201),(15,41),(253,170),(69,195),(191,115),(226,56),(148,125),(37,71),(160,138),(84,36),(171,180),(198,31),(81,104),(51,167),(122,205),(79,206),(172,89),
250:(194,65),(132,191),(222,219),(107,246),(58,201),(15,40),(253,170),(69,195),(192,115),(226,56),(148,125),(37,71),(160,138),(84,36),(171,180),(199,31),(81,104),(51,167),(122,205),(79,206),(172,89),
251:(194,65),(132,191),(222,219),(107,246),(58,201),(15,39),(253,170),(69,195),(193,115),(226,56),(148,125),(37,71),(160,138),(84,36),(171,180),(200,31),(81,104),(51,167),(122,205),(79,206),(172,89),
252:(194,65),(132,191),(222,219),(107,246),(58,201),(15,38),(253,170),(69,195),(194,115),(226,56),(148,125),(37,71),(160,138),(84,36),(171,180),(201,31),(81,104),(51,167),(122,205),(79,206),(172,89),
253:(194,65),(132,191),(222,219),(107,246),(58,201),(15,37),(253,170),(69,195),(195,115),(226,56),(148,125),(37,71),(160,138),(84,36),(171,180),(202,31),(81,104),(51,167),(122,205),(79,206),(172,89),
254:(194,65),(132,191),(222,219),(107,246),(58,201),(14,37),(253,170),(69,195),(196,115),(226,56),(148,125),(37,71),(160,138),(84,36),(171,180),(203,31),(81,104),(51,167),(122,205),(79,206),(172,89),
255:(194,65),(132,191),(222,219),(107,246),(58,201),(14,36),(253,170),(69,195),(197,115),(226,56),(148,125),(37,71),(160,138),(84,36),(171,180),(204,31),(81,104),(51,167),(122,205),(79,206),(172,89),
256:(194,65),(132,191),(222,219),(107,246),(58,201),(14,35),(253,170),(69,195),(198,115),(226,56),(148,125),(37,71),(160,138),(84,36),(171,180),(205,31),(81,104),(51,167),(122,205),(79,206),(172,89),
257:(194,65),(132,191),(222,219),(107,246),(58,201),(14,34),(253,170),(69,195),(199,115),(226,56),(148,125),(37,71),(160,138),(84,36),(171,180),(206,31),(81,104),(51,167),(122,205),(79,206),(172,89),
258:(194,65),(132,191),(222,219),(107,246),(58,201),(14,33),(253,170),(69,195),(200,115),(226,56),(148,125),(37,71),(160,138),(84,36),(171,180),(207,31),(81,104),(51,167),(122,205),(79,206),(172,89),
259:(194,65),(132,191),(222,219),(107,246),(58,201),(14,32),(253,170),(69,195),(201,115),(226,56),(148,125),(37,71),(160,138),(84,36),(171,180),(208,31),(81,104),(51,167),(122,205),(79,206),(172,89),
260:(194,65),(132,191),(222,219),(107,246),(58,201),(13,32),(253,170),(69,195),(201,114),(226,56),(148,125),(37,71),(160,138),(84,36),(171,180),(209,31),(81,104),(51,167),(122,205),(79,206),(172,89),
261:(194,65),(132,191),(222,219),(107,246),(58,201),(13,31),(253,170),(69,195),(201,113),(226,56),(148,125),(37,71),(160,138),(84,36),(171,180),(210,31),(81,104),(51,167),(122,205),(79,206),(172,89),
262:(194,65),(132,191),(222,219),(107,246),(58,201),(13,30),(253,170),(69,195),(202,113),(226,56),(148,125),(37,71),(160,138),(84,36),(171,180),(211,31),(81,104),(51,167),(122,205),(79,206),(172,89),
263:(194,65),(132,191),(222,219),(107,246),(58,201),(13,29),(253,170),(69,195),(203,113),(226,56),(148,125),(37,71),(160,138),(84,36),(171,180),(212,31),(81,104),(51,167),(122,205),(79,206),(172,89),
264:(194,65),(132,191),(222,219),(107,246),(58,201),(13,28),(253,170),(69,195),(203,112),(226,56),(148,125),(37,71),(160,138),(84,36),(171,180),(213,31),(81,104),(51,167),(122,205),(79,206),(172,89),
265:(194,65),(132,191),(222,219),(107,246),(58,201),(13,27),(253,170),(69,195),(204,112),(226,56),(148,125),(37,71),(160,138),(84,36),(171,180),(213,30),(81,104),(51,167),(122,205),(79,206),(172,89),
266:(194,65),(132,191),(222,219),(107,246),(58,201),(12,27),(253,170),(69,195),(205,112),(226,56),(148,125),(37,71),(160,138),(84,36),(171,180),(214,30),(81,104),(51,167),(122,205),(79,206),(172,89),
267:(194,65),(132,191),(222,219),(107,246),(58,201),(12,26),(253,170),(69,195),(206,112),(226,56),(148,125),(37,71),(160,138),(84,36),(171,180),(214,29),(81,104),(51,167),(122,205),(79,206),(172,89),
268:(194,65),(132,191),(222,219),(107,246),(58,201),(12,25),(253,170),(69,195),(207,112),(226,56),(148,125),(37,71),(160,138),(84,36),(171,180),(214,28),(81,104),(51,167),(122,205),(79,206),(172,89),
269:(194,65),(132,191),(222,219),(107,246),(58,201),(12,24),(253,170),(69,195),(207,111),(226,56),(148,125),(37,71),(160,138),(84,36),(171,180),(215,28),(81,104),(51,167),(122,205),(79,206),(172,89),
270:(194,65),(132,191),(222,219),(107,246),(58,201),(12,23),(253,170),(69,195),(208,111),(226,56),(148,125),(37,71),(160,138),(84,36),(171,180),(215,27),(81,104),(51,167),(122,205),(79,206),(172,89),
271:(194,65),(132,191),(222,219),(107,246),(58,201),(11,23),(253,170),(69,195),(209,111),(226,56),(148,125),(37,71),(160,138),(84,36),(171,180),(216,27),(81,104),(51,167),(122,205),(79,206),(172,89),
272:(194,65),(132,191),(222,219),(107,246),(58,201),(11,23),(253,170),(69,195),(210,111),(226,56),(148,125),(37,71),(160,138),(84,36),(171,180),(217,27),(81,104),(51,167),(122,205),(79,206),(172,89),
273:(194,65),(132,191),(222,219),(107,246),(58,201),(11,23),(253,170),(69,195),(211,111),(226,56),(148,125),(37,71),(160,138),(84,36),(171,180),(218,27),(81,104),(51,167),(122,205),(79,206),(172,89),
274:(194,65),(132,191),(222,219),(107,246),(58,201),(11,23),(253,170),(69,195),(212,111),(226,56),(148,125),(37,71),(160,138),(84,36),(171,180),(219,27),(81,104),(51,167),(122,205),(79,206),(172,89),
275:(194,65),(132,191),(222,219),(107,246),(58,201),(11,23),(253,170),(69,195),(213,111),(226,56),(148,125),(37,71),(160,138),(84,36),(171,180),(220,27),(81,104),(51,167),(122,205),(79,206),(172,89),
276:(194,65),(132,191),(222,219),(107,246),(58,201),(11,23),(253,170),(69,195),(213,110),(226,56),(148,125),(37,71),(160,138),(84,36),(171,180),(221,27),(81,104),(51,167),(122,205),(79,206),(172,89),
277:(194,65),(132,191),(222,219),(107,246),(58,201),(11,23),(253,170),(69,195),(214,110),(226,56),(148,125),(37,71),(160,138),(84,36),(171,180),(222,27),(81,104),(51,167),(122,205),(79,206),(172,89),
278:(194,65),(132,191),(222,219),(107,246),(58,201),(11,23),(253,170),(69,195),(215,110),(226,56),(148,125),(37,71),(160,138),(84,36),(171,180),(223,27),(81,104),(51,167),(122,205),(79,206),(172,89),
279:(194,65),(132,191),(222,219),(107,246),(58,201),(11,23),(253,170),(69,195),(216,110),(226,56),(148,125),(37,71),(160,138),(84,36),(171,180),(224,27),(81,104),(51,167),(122,205),(79,206),(172,89),
280:(194,65),(132,191),(222,219),(107,246),(58,201),(11,23),(253,170),(69,195),(217,110),(226,56),(148,125),(37,71),(160,138),(84,36),(171,180),(225,27),(81,104),(51,167),(122,205),(79,206),(172,89),
281:(194,65),(132,191),(222,219),(107,246),(58,201),(11,23),(253,170),(69,195),(218,110),(226,56),(148,125),(37,71),(160,138),(84,36),(171,180),(226,27),(81,104),(51,167),(122,205),(79,206),(172,89),
282:(194,65),(132,191),(222,219),(107,246),(58,201),(11,23),(253,170),(69,195),(218,109),(226,56),(148,125),(37,71),(160,138),(84,36),(171,180),(227,27),(81,104),(51,167),(122,205),(79,206),(172,89),
283:(194,65),(132,191),(222,219),(107,246),(58,201),(11,23),(253,170),(69,195),(219,109),(226,56),(148,125),(37,71),(160,138),(84,36),(171,180),(228,27),(81,104),(51,167),(122,205),(79,206),(172,89),
284:(194,65),(132,191),(222,219),(107,246),(58,201),(11,23),(253,170),(69,195),(220,109),(226,56),(148,125),(37,71),(160,138),(84,36),(171,180),(229,27),(81,104),(51,167),(122,205),(79,206),(172,89),
285:(194,65),(132,191),(222,219),(107,246),(58,201),(11,23),(253,170),(69,195),(221,109),(226,56),(148,125),(37,71),(160,138),(84,36),(171,180),(230,27),(81,104),(51,167),(122,205),(79,206),(172,89),
286:(194,65),(132,191),(222,219),(107,246),(58,201),(11,23),(253,170),(69,195),(222,109),(226,56),(148,125),(37,71),(160,138),(84,36),(171,180),(231,27),(81,104),(51,167),(122,205),(79,206),(172,89),
287:(194,65),(132,191),(222,219),(107,246),(58,201),(11,23),(253,170),(69,195),(223,109),(226,56),(148,125),(37,71),(160,138),(84,36),(171,180),(232,27),(81,104),(51,167),(122,205),(79,206),(172,89),
288:(194,65),(132,191),(222,219),(107,246),(58,201),(11,23),(253,170),(69,195),(224,109),(226,56),(148,125),(37,71),(160,138),(84,36),(171,180),(232,27),(81,104),(51,167),(122,205),(79,206),(172,89),
289:(194,65),(132,191),(222,219),(107,246),(58,201),(11,23),(253,170),(69,195),(224,108),(226,56),(148,125),(37,71),(160,138),(84,36),(171,180),(232,27),(81,104),(51,167),(122,205),(79,206),(172,89),
290:(194,65),(132,191),(222,219),(107,246),(58,201),(11,23),(253,170),(69,195),(225,108),(226,56),(148,125),(37,71),(160,138),(84,36),(171,180),(232,27),(81,104),(51,167),(122,205),(79,206),(172,89),
291:(194,65),(132,191),(222,219),(107,246),(58,201),(11,23),(253,170),(69,195),(226,108),(226,56),(148,125),(37,71),(160,138),(84,36),(171,180),(232,27),(81,104),(51,167),(122,205),(79,206),(172,89),
292:(194,65),(132,191),(222,219),(107,246),(58,201),(11,23),(253,170),(69,195),(227,108),(226,56),(148,125),(37,71),(160,138),(84,36),(171,180),(232,27),(81,104),(51,167),(122,205),(79,206),(172,89),
293:(194,65),(132,191),(222,219),(107,246),(58,201),(11,23),(253,170),(69,195),(228,108),(226,56),(148,125),(37,71),(160,138),(84,36),(171,180),(232,27),(81,104),(51,167),(122,205),(79,206),(172,89),
294:(194,65),(132,191),(222,219),(107,246),(58,201),(11,23),(253,170),(69,195),(228,107),(226,56),(148,125),(37,71),(160,138),(84,36),(171,180),(232,27),(81,104),(51,167),(122,205),(79,206),(172,89),
295:(194,65),(132,191),(222,219),(107,246),(58,201),(11,23),(253,170),(69,195),(229,107),(226,56),(148,125),(37,71),(160,138),(84,36),(171,180),(232,27),(81,104),(51,167),(122,205),(79,206),(172,89),
296:(194,65),(132,191),(222,219),(107,246),(58,201),(11,23),(253,170),(69,195),(230,107),(226,56),(148,125),(37,71),(160,138),(84,36),(171,180),(232,27),(81,104),(51,167),(122,205),(79,206),(172,89),
297:(194,65),(132,191),(222,219),(107,246),(58,201),(11,23),(253,170),(69,195),(230,106),(226,56),(148,125),(37,71),(160,138),(84,36),(171,180),(232,27),(81,104),(51,167),(122,205),(79,206),(172,89),
298:(194,65),(132,191),(222,219),(107,246),(58,201),(11,23),(253,170),(69,195),(231,106),(226,56),(148,125),(37,71),(160,138),(84,36),(171,180),(232,27),(81,104),(51,167),(122,205),(79,206),(172,89),
299:(194,65),(132,191),(222,219),(107,246),(58,201),(11,23),(253,170),(69,195),(232,106),(226,56),(148,125),(37,71),(160,138),(84,36),(171,180),(232,27),(81,104),(51,167),(122,205),(79,206),(172,89),
300:(194,65),(132,191),(222,219),(107,246),(58,201),(11,23),(253,170),(69,195),(232,105),(226,56),(148,125),(37,71),(160,138),(84,36),(171,180),(232,27),(81,104),(51,167),(122,205),(79,206),(172,89),
301:(194,65),(132,191),(222,219),(107,246),(58,201),(11,23),(253,170),(69,195),(233,105),(226,56),(148,125),(37,71),(160,138),(84,36),(171,180),(232,27),(81,104),(51,167),(122,205),(79,206),(172,89),
302:(194,65),(132,191),(222,219),(107,246),(58,201),(11,23),(253,170),(69,195),(234,105),(226,56),(148,125),(37,71),(160,138),(84,36),(171,180),(232,27),(81,104),(51,167),(122,205),(79,206),(172,89),
303:(194,65),(132,191),(222,219),(107,246),(58,201),(11,23),(253,170),(69,195),(234,104),(226,56),(148,125),(37,71),(160,138),(84,36),(171,180),(232,27),(81,104),(51,167),(122,205),(79,206),(172,89),
304:(194,65),(132,191),(222,219),(107,246),(58,201),(11,23),(253,170),(69,195),(235,104),(226,56),(148,125),(37,71),(160,138),(84,36),(171,180),(232,27),(81,104),(51,167),(122,205),(79,206),(172,89),
305:(194,65),(132,191),(222,219),(107,246),(58,201),(11,23),(253,170),(69,195),(236,104),(226,56),(148,125),(37,71),(160,138),(84,36),(171,180),(232,27),(81,104),(51,167),(122,205),(79,206),(172,89),
306:(194,65),(132,191),(222,219),(107,246),(58,201),(11,23),(253,170),(69,195),(237,104),(226,56),(148,125),(37,71),(160,138),(84,36),(171,180),(232,27),(81,104),(51,167),(122,205),(79,206),(172,89),
307:(194,65),(132,191),(222,219),(107,246),(58,201),(11,23),(253,170),(69,195),(237,103),(226,56),(148,125),(37,71),(160,138),(84,36),(171,180),(232,27),(81,104),(51,167),(122,205),(79,206),(172,89),
308:(194,65),(132,191),(222,219),(107,246),(58,201),(11,23),(253,170),(69,195),(238,103),(226,56),(148,125),(37,71),(160,138),(84,36),(171,180),(232,27),(81,104),(51,167),(122,205),(79,206),(172,89),
309:(194,65),(132,191),(222,219),(107,246),(58,201),(11,23),(253,170),(69,195),(239,103),(226,56),(148,125),(37,71),(160,138),(84,36),(171,180),(232,27),(81,104),(51,167),(122,205),(79,206),(172,89),
310:(194,65),(132,191),(222,219),(107,246),(58,201),(11,23),(253,170),(69,195),(240,103),(226,56),(148,125),(37,71),(160,138),(84,36),(171,180),(232,27),(81,104),(51,167),(122,205),(79,206),(172,89),
311:(194,65),(132,191),(222,219),(107,246),(58,201),(11,23),(253,170),(69,195),(241,103),(226,56),(148,125),(37,71),(160,138),(84,36),(171,180),(232,27),(81,104),(51,167),(122,205),(79,206),(172,89),
312:(194,65),(132,191),(222,219),(107,246),(58,201),(11,23),(253,170),(69,195),(242,103),(226,56),(148,125),(37,71),(160,138),(84,36),(171,180),(232,27),(81,104),(51,167),(122,205),(79,206),(172,89),
313:(194,65),(132,191),(222,219),(107,246),(58,201),(11,23),(253,170),(69,195),(243,103),(226,56),(148,125),(37,71),(160,138),(84,36),(171,180),(232,27),(81,104),(51,167),(122,205),(79,206),(172,89),
