0:(17,21),(23,23),
1:(17,20),(22,23),
2:(17,19),(22,24),
3:(18,19),(22,25),
4:(19,19),(21,25),
5:(19,18),(20,25),
6:(19,17),(19,25),
7:(19,16),(18,25),
8:(19,15),(17,25),
9:(19,14),(16,25),
10:(18,14),(15,25),
11:(17,14),(14,25),
12:(17,15),(13,25),
13:(17,16),(12,25),
14:(16,16),(11,25),
15:(15,16),(10,25),
16:(15,16),(9,25),
17:(15,16),(8,25),
18:(15,16),(8,24),
19:(15,16),(8,23),
20:(15,16),(8,22),
21:(15,16),(7,22),
22:(15,16),(6,22),
23:(15,16),(5,22),
24:(15,16),(5,21),
25:(15,16),(5,20),
26:(15,16),(5,19),
27:(15,16),(5,18),
28:(15,16),(5,17),
29:(15,16),(6,17),
30:(15,16),(7,17),
31:(15,16),(8,17),
32:(15,16),(9,17),
33:(15,16),(10,17),
34:(15,16),(10,18),
35:(15,16),(10,19),
